19610 19610 19818 20407 21676 5 ./Instances_MKP\100M30_1.txt
19610 19610 19818 20407 21649 10 ./Instances_MKP\100M30_1.txt
39245 39245 39272 39990 39540 5 ./Instances_MKP\100M30_11.txt
39245 39245 39272 39990 40008 10 ./Instances_MKP\100M30_11.txt
55793 55793 56014 56947 56901 5 ./Instances_MKP\100M30_21.txt
55793 55793 56014 56947 56993 10 ./Instances_MKP\100M30_21.txt
22502 22502 22947 23393 23998 5 ./Instances_MKP\100M5_1.txt
22502 22502 22947 23393 24262 10 ./Instances_MKP\100M5_1.txt
42231 42231 42492 42534 42526 5 ./Instances_MKP\100M5_11.txt
42231 42231 42492 42534 42705 10 ./Instances_MKP\100M5_11.txt
58815 58815 59143 59799 59633 5 ./Instances_MKP\100M5_21.txt
58815 58815 59143 59799 59793 10 ./Instances_MKP\100M5_21.txt
52748 52748 52984 54537 54714 5 ./Instances_MKP\250M30_1.txt
52748 52748 52984 54537 54747 10 ./Instances_MKP\250M30_1.txt
103406 103406 103643 106026 105746 5 ./Instances_MKP\250M30_11.txt
103406 103406 103643 106026 106032 10 ./Instances_MKP\250M30_11.txt
147573 147573 147753 149175 148273 5 ./Instances_MKP\250M30_21.txt
147573 147573 147753 149175 148776 10 ./Instances_MKP\250M30_21.txt
56041 56041 56503 58770 58479 5 ./Instances_MKP\250M5_1.txt
56041 56041 56503 58770 58053 10 ./Instances_MKP\250M5_1.txt
104842 104842 105463 108720 107563 5 ./Instances_MKP\250M5_11.txt
104842 104842 105463 108720 107772 10 ./Instances_MKP\250M5_11.txt
147448 147448 147960 149284 149109 5 ./Instances_MKP\250M5_21.txt
147448 147448 147960 149284 149216 10 ./Instances_MKP\250M5_21.txt
109767 109767 110089 113546 111949 5 ./Instances_MKP\500M30_1.txt
109767 109767 110089 113546 113133 10 ./Instances_MKP\500M30_1.txt
212570 212570 212917 216230 214321 5 ./Instances_MKP\500M30_11.txt
212570 212570 212917 216230 214763 10 ./Instances_MKP\500M30_11.txt
297114 297114 297269 299620 299240 5 ./Instances_MKP\500M30_21.txt
297114 297114 297269 299620 299644 10 ./Instances_MKP\500M30_21.txt
119459 119459 119851 119952 119479 5 ./Instances_MKP\500M5_1.txt
119459 119459 119851 119952 119585 10 ./Instances_MKP\500M5_1.txt
211973 211973 212598 217465 216023 5 ./Instances_MKP\500M5_11.txt
211973 211973 212598 217465 216550 10 ./Instances_MKP\500M5_11.txt
293203 293203 293696 295372 294687 5 ./Instances_MKP\500M5_21.txt
293203 293203 293696 295372 294366 10 ./Instances_MKP\500M5_21.txt
